#没有任何限制的情况下
HTTP请求	6000	776	737	1149	1362	1874	27	2779	0.0	62.49934896511495	10.98621368527411	8.361729304903074
HTTP请求	6000	1149	1044	1883	2270	3214	31	7183	0.0	42.3537384233115	7.444993082222725	5.666466957025074

#synchronized
HTTP请求	6000	1720	1699	3108	3339	3816	46	4949	0.0	28.034894098187543	4.928008728197029	3.750762198683294

#reentrantLock
HTTP请求	6000	1759	1702	1984	2102	2926	36	3130	0.0	28.214713973337094	4.959617690625661	3.7748201311984197

#多例模式
HTTP请求	6000	977	916	1506	1767	2464	27	3778	0.0	50.38587180154685	8.856891527615657	6.741078551574138

#事务模式
HTTP请求	6000	839	834	1006	1097	1407	27	1709	0.0	57.743388382030254	10.150204989028756	7.72543379720522

#集群模式
HTTP请求	6000	846	832	1509	1641	1916	24	2265	0.0	56.90817865374219	9.892241992545028	7.6136918706666785

#update悲观锁
HTTP请求	6000	1887	1758	2578	2828	3322	471	3700	0.0	26.31394288120132	4.574103352396323	3.5205177487544734


#CAS乐观锁
HTTP请求	6000	1638	1072	3787	4981	8437	56	19115	0.0	28.96214165383483	5.034434779670507	3.8748177798587613

#redis lock
HTTP请求	6000	163	87	384	554	1181	1	2257	0.0	289.57528957528956	50.336329633204635	38.74200651544402

#增加可超时功能
HTTP请求	6000	195	2	511	1188	3102	0	12932	0.0	202.53164556962025	35.20569620253165	27.09651898734177